$ 1 0.000005 10.20027730826997 37 5 43 5e-11
v 144 336 144 240 0 0 40 20 0 0 0.5
w 144 176 192 176 0
w 256 176 320 176 0
w 320 176 544 176 0
w 320 176 320 224 0
w 544 176 544 224 0
w 320 336 240 336 0
w 320 336 544 336 0
r 192 176 256 176 0 8
r 320 224 320 272 0 6
r 544 224 544 272 0 2
370 320 272 320 336 3 0 0
370 544 272 544 336 3 0 0
370 144 240 144 176 3 0 0
370 240 336 144 336 3 0 0
370 224 576 128 576 3 0 0
370 128 480 128 416 3 0 0
370 304 512 304 576 3 0 0
r 304 464 304 512 0 2
r 176 416 240 416 0 8
w 304 576 224 576 0
w 304 416 304 464 0
w 240 416 304 416 0
w 128 416 176 416 0
v 128 576 128 480 0 0 40 20 0 0 0.5
v 368 576 368 480 0 0 40 20 0 0 0.5
w 368 416 544 416 0
w 544 416 544 464 0
w 544 576 464 576 0
r 544 464 544 512 0 10
370 544 512 544 576 3 0 0
370 368 480 368 416 3 0 0
370 464 576 368 576 3 0 0
