$ 1 0.000005 10.20027730826997 41 5 43 5e-11
w 176 128 192 128 0
w 272 128 384 128 0
w 384 128 512 128 0
w 384 192 336 192 0
w 384 192 432 192 0
w 384 336 432 336 0
w 384 336 336 336 0
w 384 336 384 368 0
w 384 368 512 368 0
w 512 368 512 336 0
w 384 368 128 368 0
w 128 368 128 288 0
v 128 288 128 208 0 0 40 10 0 0 0.5
r 192 128 272 128 0 4
r 336 192 336 336 0 4
r 432 192 432 336 0 4
r 512 256 512 336 0 1.5
g 128 368 128 400 0 0
r 512 192 512 256 0 0.5
p 384 192 384 336 3 0 0 10000000
370 128 128 176 128 3 0 0
370 384 128 384 192 3 0 0
370 512 128 512 192 3 0 0
370 128 208 128 128 3 0 0
p 576 192 576 336 3 0 0 10000000
w 576 192 512 192 0
w 576 336 512 336 0
w 192 128 192 80 0
w 272 128 272 80 0
p 192 80 272 80 3 0 0 10000000
