$ 1 0.000005 10.20027730826997 41 5 43 5e-11
w 96 176 160 176 0
w 160 176 160 112 0
w 160 176 160 240 0
w 272 240 272 176 0
w 272 176 272 112 0
w 400 176 400 224 0
w 400 224 448 224 0
w 400 224 352 224 0
w 352 336 400 336 0
w 400 336 448 336 0
w 400 336 400 368 0
r 160 176 224 176 0 6
r 352 272 352 336 0 8
r 448 272 448 336 0 12
w 400 368 96 368 0
w 96 368 96 320 0
v 96 320 96 224 0 0 40 24 0 0 0.5
g 96 368 96 400 0 0
370 96 224 96 176 3 0 0
370 224 176 272 176 3 0 0
370 352 224 352 272 3 0 0
p 160 64 272 64 3 0 0 10000000
p 496 224 496 336 3 0 0 10000000
w 448 224 496 224 0
w 448 336 496 336 0
w 160 64 160 112 0
w 272 64 272 112 0
r 160 112 224 112 0 6
r 160 240 224 240 0 2
370 224 240 272 240 3 0 0
370 224 112 272 112 3 0 0
370 448 224 448 272 3 0 0
370 272 176 400 176 3 0 0
