$ 1 0.000005 10.20027730826997 50 5 43 5e-11
v 80 304 80 176 0 0 40 5 0 0 0.5
v 384 304 384 176 0 0 40 5 0 0 0.5
r 464 256 464 176 0 1000
r 544 256 544 176 0 1000
r 80 176 256 176 0 1000
r 256 176 256 304 0 1000
r 256 304 80 304 0 1000
w 464 176 544 176 0
w 544 304 464 304 0
370 384 176 464 176 3 0 0
370 464 256 464 304 3 0 0
370 544 256 544 304 3 0 0
370 464 304 384 304 3 0 0
p 80 128 256 128 3 0 0 10000000
p 304 176 304 304 3 0 0 10000000
p 256 352 80 352 3 0 0 10000000
w 80 304 80 352 0
w 256 352 256 304 0
w 304 304 256 304 0
w 304 176 256 176 0
w 256 128 256 176 0
w 80 128 80 176 0
