$ 1 0.000005 10.20027730826997 50 5 43 5e-11
v 256 288 256 224 0 0 40 72 0 0 0.5
w 256 160 336 160 0
w 416 160 496 160 0
w 496 160 448 208 0
w 400 256 368 288 0
w 368 288 256 288 0
w 368 288 464 288 0
w 528 288 624 288 0
w 592 256 624 288 0
w 128 288 48 288 0
w 256 160 48 160 0
w 48 160 48 192 0
w 48 288 48 256 0
w 48 288 0 288 0
w -80 288 -128 288 0
w -128 288 -128 256 0
w -128 192 -128 160 0
w -128 160 -80 160 0
w 0 160 48 160 0
r -80 160 0 160 0 4000
r -128 256 -128 192 0 8000
r -80 288 0 288 0 12000
r 48 192 48 256 0 24000
r 128 288 176 288 0 12000
r 336 160 416 160 0 12000
r 464 288 528 288 0 6000
r 400 256 448 208 0 9000
r 592 256 528 192 0 3000
w 496 160 528 192 0
370 176 288 256 288 3 0 0
370 256 224 256 160 3 0 0
p 416 176 368 224 3 0 0 10000000
w 368 224 400 256 0
w 416 176 448 208 0
