$ 1 0.000005 10.20027730826997 50 5 43 5e-11
v -32 368 -32 80 0 0 40 20 0 0 0.5
w -32 80 192 80 0
w -32 368 192 368 0
w 336 224 288 272 0
w 336 224 224 224 0
w 192 80 240 128 0
w 336 224 288 176 0
w 192 80 144 128 0
w 48 224 96 176 0
r 240 128 288 176 0 10
v 256 304 288 272 0 0 40 8 0 0 0.5
v 96 176 144 128 0 0 40 5 0 0 0.5
r 144 224 224 224 0 4
370 192 368 256 304 3 0 0
370 48 224 144 224 3 0 0
p 256 16 400 160 3 0 0 10000000
p 128 16 -16 160 3 0 0 10000000
w -16 160 48 224 0
w 128 16 192 80 0
w 256 16 192 80 0
w 400 160 336 224 0
r 96 272 144 320 0 5
w 192 368 144 320 0
w 48 224 96 272 0
