$ 1 0.000005 10.20027730826997 50 5 43 5e-11
v 112 352 112 208 0 0 40 12 0 0 0.5
w 112 144 256 144 0
w 112 352 256 352 0
r 400 224 400 352 0 8200
r 176 192 176 304 0 18000
r 336 192 336 304 0 2000
r 256 144 256 192 0 6800
w 176 192 256 192 0
w 256 192 336 192 0
w 176 304 256 304 0
w 256 144 400 144 0
w 256 304 336 304 0
w 256 352 256 304 0
w 256 352 400 352 0
g 112 352 112 384 0 0
p 256 192 256 304 3 0 0 10000000
370 400 144 400 224 3 0 0
370 112 208 112 144 3 0 0
v 112 624 112 496 0 0 40 12 0 0 0.5
w 112 496 224 496 0
r 224 496 224 624 0 4197.619
w 224 624 112 624 0
g 112 624 112 656 0 0
