$ 1 0.000005 10.20027730826997 62 5 43 5e-11
w 304 80 416 80 0
w 304 80 192 80 0
w 192 80 192 128 0
w 416 176 416 224 0
r 416 80 416 176 0 10000
r 192 128 192 192 0 40000
r 416 304 416 368 0 1000
r 192 272 192 352 0 4000
w 192 416 416 416 0
w 336 240 192 240 0
j 384 240 416 240 32 -4 0.00125
g 192 416 192 448 0 0
R 304 80 304 48 0 0 40 22 0 0 0.5
p 128 272 128 352 3 0 0 10000000
p 128 192 128 80 3 0 0 10000000
w 128 80 192 80 0
w 128 192 192 192 0
w 128 352 192 352 0
w 192 192 192 240 0
w 192 240 192 272 0
w 192 352 192 416 0
w 192 272 128 272 0
370 416 368 416 416 3 0 0
w 416 256 416 304 0
p 448 256 448 368 3 0 0 10000000
w 448 256 416 256 0
w 416 368 448 368 0
p 336 240 416 304 3 0 0 10000000
p 416 176 336 240 3 0 0 10000000
w 384 240 336 240 0
